Channel 1 
+--------------------+-----+-----+-----+-----+-----+-----+-----+-----+-----+-----+------+------+------+------+------+------+
|   xPhaseSelect ->  |   0 |   1 |   2 |   3 |   4 |   5 |   6 |   7 |   8 |   9 |   10 |   11 |   12 |   13 |   14 |   15 |
|      INV/DELAY640  |     |     |     |     |     |     |     |     |     |     |      |      |      |      |      |      |
|--------------------+-----+-----+-----+-----+-----+-----+-----+-----+-----+-----+------+------+------+------+------+------|
|                  0 |   3 | -88 | -88 | -88 |   2 |   2 |   2 |   2 |   2 | -99 |    1 |    1 |    1 |    1 |    1 |  -88 |
|                  1 | -88 |   2 | -88 | -88 |   2 |   2 |   2 |   2 | -88 |   1 |    1 |    1 |    1 |    1 |    1 |  -88 |
|                  2 |   3 |   3 | -88 | -88 |   3 |   3 |   3 |   3 |   2 |   2 |    2 |    2 |    2 |    2 |    2 |  -88 |
|                  3 |   3 |   3 | -88 | -88 |   3 |   3 |   3 |   2 |   2 |   2 |    2 |    2 |    2 |    2 |    2 |  -88 |
|                  4 |   3 |   3 | -88 | -88 |   3 |   3 |   2 |   2 |   2 |   2 |    2 |    2 |    2 |    2 |    1 |  -88 |
|                  5 |   3 |   3 | -88 | -88 |   3 | -88 |   2 |   2 |   2 |   2 |    2 |    2 |    2 |  -88 |    1 |  -88 |
|                  6 |   3 |   3 | -88 | -88 |   3 | -88 |   2 |   2 |   2 |   2 |    2 |    2 |    2 |  -88 |    1 |  -88 |
|                  7 |   3 |   3 | -88 | -88 |   3 | -88 |   2 |   2 |   2 |   2 |    2 |    2 |    2 |  -88 |    1 |  -88 |
|                  8 |   3 |   3 | -88 | -88 |   3 |   2 |   2 |   2 |   2 |   2 |    2 |    2 |    2 |  -88 |    1 |  -88 |
|                  9 |   3 |   3 | -88 | -88 |   2 |   2 |   2 |   2 |   2 |   2 |    2 |    2 |    1 |    1 |    1 |  -88 |
|                 10 |   3 |   3 | -88 | -88 |   2 |   2 |   2 |   2 |   2 |   2 |    2 |  -88 |    1 |    1 |    1 |  -88 |
|                 11 |   3 |   3 | -88 | -88 |   2 |   2 |   2 |   2 |   2 |   2 |    1 |    1 |    1 |    1 |    1 |  -88 |
|                 12 |   3 |   2 | -88 | -88 |   2 |   2 |   2 |   2 |   2 | -99 |    1 |    1 |    1 |    1 |    1 |  -88 |
|                 13 | -88 |   2 | -88 | -88 |   2 |   2 |   2 |   2 | -88 |   1 |    1 |    1 |    1 |    1 |    1 |  -88 |
|                 14 | -88 |   2 | -88 | -88 |   2 |   2 |   2 |   2 | -88 |   1 |    1 |    1 |    1 |    1 |    1 |  -88 |
|                 15 | -88 |   2 | -88 | -88 |   2 |   2 |   2 |   2 | -88 |   1 |    1 |    1 |    1 |    1 |    1 |  -88 |
+--------------------+-----+-----+-----+-----+-----+-----+-----+-----+-----+-----+------+------+------+------+------+------+
 
Channel 2 
+--------------------+-----+-----+-----+-----+-----+-----+-----+-----+-----+-----+------+------+------+------+------+------+
|   xPhaseSelect ->  |   0 |   1 |   2 |   3 |   4 |   5 |   6 |   7 |   8 |   9 |   10 |   11 |   12 |   13 |   14 |   15 |
|      INV/DELAY640  |     |     |     |     |     |     |     |     |     |     |      |      |      |      |      |      |
|--------------------+-----+-----+-----+-----+-----+-----+-----+-----+-----+-----+------+------+------+------+------+------|
|                  0 |   3 |   3 | -88 | -88 |   2 |   2 |   2 |   2 |   2 |   2 |  -88 |    1 |    1 |    1 |    1 |  -88 |
|                  1 |   3 | -88 | -88 | -88 |   2 |   2 |   2 |   2 |   2 | -99 |    1 |    1 |    1 |    1 |    1 |  -88 |
|                  2 | -88 |   3 | -88 | -88 |   3 |   3 |   3 |   3 | -88 |   2 |    2 |    2 |    2 |    2 |    2 |  -88 |
|                  3 |   3 |   3 | -88 | -88 |   3 |   3 |   3 | -99 |   2 |   2 |    2 |    2 |    2 |    2 |    2 |  -88 |
|                  4 |   3 |   3 | -88 | -88 |   3 |   3 | -88 |   2 |   2 |   2 |    2 |    2 |    2 |    2 |  -88 |  -88 |
|                  5 |   3 |   3 | -88 | -88 |   3 | -88 |   2 |   2 |   2 |   2 |    2 |    2 |    2 |    2 |    1 |  -88 |
|                  6 |   3 |   3 | -88 | -88 |   3 | -88 |   2 |   2 |   2 |   2 |    2 |    2 |    2 |  -99 |    1 |  -88 |
|                  7 |   3 |   3 | -88 | -88 |   3 | -99 |   2 |   2 |   2 |   2 |    2 |    2 |    2 |    2 |    1 |  -88 |
|                  8 |   3 |   3 | -88 | -88 |   3 | -88 |   2 |   2 |   2 |   2 |    2 |    2 |    2 |  -88 |    1 |  -88 |
|                  9 |   3 |   3 | -88 | -88 | -88 |   2 |   2 |   2 |   2 |   2 |    2 |    2 |  -88 |    1 |    1 |  -88 |
|                 10 |   3 |   3 | -88 | -88 |   2 |   2 |   2 |   2 |   2 |   2 |    2 |  -88 |    1 |    1 |    1 |  -88 |
|                 11 |   3 |   3 | -88 | -88 |   2 |   2 |   2 |   2 |   2 |   2 |  -99 |    1 |    1 |    1 |    1 |  -88 |
|                 12 |   3 | -99 | -88 | -88 |   2 |   2 |   2 |   2 |   2 | -88 |    1 |    1 |    1 |    1 |    1 |  -88 |
|                 13 |   3 |   2 | -88 | -88 |   2 |   2 |   2 |   2 |   2 | -99 |    1 |    1 |    1 |    1 |    1 |  -88 |
|                 14 |   3 |   2 | -88 | -88 |   2 |   2 |   2 |   2 |   2 | -99 |    1 |    1 |    1 |    1 |    1 |  -88 |
|                 15 |   3 |   2 | -88 | -88 |   2 |   2 |   2 |   2 |   2 | -88 |    1 |    1 |    1 |    1 |    1 |  -88 |
+--------------------+-----+-----+-----+-----+-----+-----+-----+-----+-----+-----+------+------+------+------+------+------+
 
Channel 3 
+--------------------+-----+-----+-----+-----+-----+-----+-----+-----+-----+-----+------+------+------+------+------+------+
|   xPhaseSelect ->  |   0 |   1 |   2 |   3 |   4 |   5 |   6 |   7 |   8 |   9 |   10 |   11 |   12 |   13 |   14 |   15 |
|      INV/DELAY640  |     |     |     |     |     |     |     |     |     |     |      |      |      |      |      |      |
|--------------------+-----+-----+-----+-----+-----+-----+-----+-----+-----+-----+------+------+------+------+------+------|
|                  0 |   3 | -88 | -88 | -88 |   2 |   2 |   2 |   2 |   2 | -88 |    1 |    1 |    1 |    1 |    1 |  -88 |
|                  1 | -88 |   2 | -88 | -88 |   2 |   2 |   2 |   2 | -88 |   1 |    1 |    1 |    1 |    1 |    1 |  -88 |
|                  2 |   3 |   3 | -88 | -88 |   3 |   3 |   3 | -88 |   2 |   2 |    2 |    2 |    2 |    2 |    2 |  -88 |
|                  3 |   3 |   3 | -88 | -88 |   3 |   3 | -88 |   2 |   2 |   2 |    2 |    2 |    2 |    2 |  -88 |  -88 |
|                  4 |   3 |   3 | -88 | -88 |   3 | -88 |   2 |   2 |   2 |   2 |    2 |    2 |    2 |  -88 |    1 |  -88 |
|                  5 |   3 |   3 | -88 | -88 |   3 |   2 |   2 |   2 |   2 |   2 |    2 |    2 |  -88 |    1 |    1 |  -88 |
|                  6 |   3 |   3 | -88 | -88 |   3 |   2 |   2 |   2 |   2 |   2 |    2 |    2 |  -88 |    1 |    1 |  -88 |
|                  7 |   3 |   3 | -88 | -88 |   3 |   2 |   2 |   2 |   2 |   2 |    2 |    2 |  -88 |    1 |    1 |  -88 |
|                  8 |   3 |   3 | -88 | -88 | -88 |   2 |   2 |   2 |   2 |   2 |    2 |    2 |  -88 |    1 |    1 |  -88 |
|                  9 |   3 |   3 | -88 | -88 |   2 |   2 |   2 |   2 |   2 |   2 |    2 |  -88 |    1 |    1 |    1 |  -88 |
|                 10 |   3 |   3 | -88 | -88 |   2 |   2 |   2 |   2 |   2 |   2 |  -88 |    1 |    1 |    1 |    1 |  -88 |
|                 11 |   3 | -99 | -88 | -88 |   2 |   2 |   2 |   2 |   2 | -88 |    1 |    1 |    1 |    1 |    1 |  -88 |
|                 12 | -88 |   2 | -88 | -88 |   2 |   2 |   2 |   2 | -99 |   1 |    1 |    1 |    1 |    1 |    1 |  -88 |
|                 13 | -88 |   2 | -88 | -88 |   2 |   2 |   2 |   2 |   1 |   1 |    1 |    1 |    1 |    1 |    1 |  -88 |
|                 14 | -88 |   2 | -88 | -88 |   2 |   2 |   2 |   2 | -99 |   1 |    1 |    1 |    1 |    1 |    1 |  -88 |
|                 15 | -88 |   2 | -88 | -88 |   2 |   2 |   2 |   2 |   1 |   1 |    1 |    1 |    1 |    1 |    1 |  -88 |
+--------------------+-----+-----+-----+-----+-----+-----+-----+-----+-----+-----+------+------+------+------+------+------+
 
Channel 4 
+--------------------+-----+-----+-----+-----+-----+-----+-----+-----+-----+-----+------+------+------+------+------+------+
|   xPhaseSelect ->  |   0 |   1 |   2 |   3 |   4 |   5 |   6 |   7 |   8 |   9 |   10 |   11 |   12 |   13 |   14 |   15 |
|      INV/DELAY640  |     |     |     |     |     |     |     |     |     |     |      |      |      |      |      |      |
|--------------------+-----+-----+-----+-----+-----+-----+-----+-----+-----+-----+------+------+------+------+------+------|
|                  0 | -99 |   2 | -88 | -88 |   2 |   2 |   2 |   2 |   1 |   1 |    1 |    1 |    1 |    1 |    1 |  -88 |
|                  1 |   2 |   2 | -88 | -88 |   2 |   2 | -88 |   1 |   1 |   1 |    1 |    1 |    1 |    1 |  -88 |  -88 |
|                  2 |   3 |   3 | -88 | -88 |   3 |   3 |   2 |   2 |   2 |   2 |    2 |    2 |    2 |  -88 |    1 |  -88 |
|                  3 |   3 |   3 | -88 | -88 |   3 |   2 |   2 |   2 |   2 |   2 |    2 |    2 |  -88 |    1 |    1 |  -88 |
|                  4 |   3 |   3 | -88 | -88 | -88 |   2 |   2 |   2 |   2 |   2 |    2 |  -88 |    1 |    1 |    1 |  -88 |
|                  5 |   3 |   3 | -88 | -88 |   2 |   2 |   2 |   2 |   2 |   2 |    2 |    1 |    1 |    1 |    1 |  -88 |
|                  6 |   3 |   3 | -88 | -88 |   2 |   2 |   2 |   2 |   2 |   2 |  -99 |    1 |    1 |    1 |    1 |  -88 |
|                  7 |   3 |   3 | -88 | -88 |   2 |   2 |   2 |   2 |   2 |   2 |    2 |    1 |    1 |    1 |    1 |  -88 |
|                  8 |   3 |   3 | -88 | -88 |   2 |   2 |   2 |   2 |   2 |   2 |  -88 |    1 |    1 |    1 |    1 |  -88 |
|                  9 |   3 |   3 | -88 | -88 |   2 |   2 |   2 |   2 |   2 | -99 |    1 |    1 |    1 |    1 |    1 |  -88 |
|                 10 |   3 | -88 | -88 | -88 |   2 |   2 |   2 |   2 |   2 |   1 |    1 |    1 |    1 |    1 |    1 |  -88 |
|                 11 | -88 |   2 | -88 | -88 |   2 |   2 |   2 |   2 |   1 |   1 |    1 |    1 |    1 |    1 |    1 |  -88 |
|                 12 |   2 |   2 | -88 | -88 |   2 |   2 |   2 | -88 |   1 |   1 |    1 |    1 |    1 |    1 |  -88 |  -88 |
|                 13 |   2 |   2 | -88 | -88 |   2 |   2 | -88 |   1 |   1 |   1 |    1 |    1 |    1 |    1 |    0 |  -88 |
|                 14 |   2 |   2 | -88 | -88 |   2 |   2 | -88 |   1 |   1 |   1 |    1 |    1 |    1 |    1 |    0 |  -88 |
|                 15 |   2 |   2 | -88 | -88 |   2 |   2 | -88 |   1 |   1 |   1 |    1 |    1 |    1 |  -99 |    0 |  -88 |
+--------------------+-----+-----+-----+-----+-----+-----+-----+-----+-----+-----+------+------+------+------+------+------+
 
Channel 5 
+--------------------+-----+-----+-----+-----+-----+-----+-----+-----+-----+-----+------+------+------+------+------+------+
|   xPhaseSelect ->  |   0 |   1 |   2 |   3 |   4 |   5 |   6 |   7 |   8 |   9 |   10 |   11 |   12 |   13 |   14 |   15 |
|      INV/DELAY640  |     |     |     |     |     |     |     |     |     |     |      |      |      |      |      |      |
|--------------------+-----+-----+-----+-----+-----+-----+-----+-----+-----+-----+------+------+------+------+------+------|
|                  0 |   2 |   2 | -88 | -88 |   2 |   2 |   2 | -88 |   1 |   1 |    1 |    1 |    1 |    1 |    1 |  -88 |
|                  1 |   2 |   2 | -88 | -88 |   2 |   2 | -88 |   1 |   1 |   1 |    1 |    1 |    1 |    1 |  -88 |  -88 |
|                  2 |   3 |   3 | -88 | -88 |   3 | -99 |   2 |   2 |   2 |   2 |    2 |    2 |    2 |    2 |  -99 |  -88 |
|                  3 |   3 |   3 | -88 | -88 | -88 |   2 |   2 |   2 |   2 |   2 |    2 |    2 |  -88 |  -88 |    1 |  -88 |
|                  4 |   3 |   3 | -88 | -88 |   2 |   2 |   2 |   2 |   2 |   2 |    2 |  -99 |    1 |    1 |    1 |  -88 |
|                  5 |   3 |   3 | -88 | -88 |   2 |   2 |   2 |   2 |   2 |   2 |    2 |  -88 |    1 |    1 |    1 |  -88 |
|                  6 |   3 |   3 | -88 | -88 |   2 |   2 |   2 |   2 |   2 |   2 |    2 |  -88 |    1 |    1 |    1 |  -88 |
|                  7 |   3 |   3 | -88 | -88 |   2 |   2 |   2 |   2 |   2 |   2 |    2 |  -88 |    1 |    1 |    1 |  -88 |
|                  8 |   3 |   3 | -88 | -88 |   2 |   2 |   2 |   2 |   2 |   2 |    2 |  -88 |    1 |    1 |    1 |  -88 |
|                  9 |   3 | -88 | -88 | -88 |   2 |   2 |   2 |   2 |   2 |   2 |    1 |    1 |    1 |    1 |    1 |  -88 |
|                 10 | -99 |   2 | -88 | -88 |   2 |   2 |   2 |   2 |   2 | -99 |    1 |    1 |    1 |    1 |    1 |  -88 |
|                 11 |   2 |   2 | -88 | -88 |   2 |   2 |   2 | -99 |   1 |   1 |    1 |    1 |    1 |    1 |    1 |  -88 |
|                 12 |   2 |   2 | -88 | -88 |   2 |   2 | -88 |   1 |   1 |   1 |    1 |    1 |    1 |    1 |    1 |  -88 |
|                 13 |   2 |   2 | -88 | -88 |   2 |   2 | -88 |   1 |   1 |   1 |    1 |    1 |    1 |    1 |  -88 |  -88 |
|                 14 |   2 |   2 | -88 | -88 |   2 |   2 | -88 |   1 |   1 |   1 |    1 |    1 |    1 |    1 |  -88 |  -88 |
|                 15 |   2 |   2 | -88 | -88 |   2 |   2 | -88 |   1 |   1 |   1 |    1 |    1 |    1 |    1 |  -88 |  -88 |
+--------------------+-----+-----+-----+-----+-----+-----+-----+-----+-----+-----+------+------+------+------+------+------+
 
Channel 6 
+--------------------+-----+-----+-----+-----+-----+-----+-----+-----+-----+-----+------+------+------+------+------+------+
|   xPhaseSelect ->  |   0 |   1 |   2 |   3 |   4 |   5 |   6 |   7 |   8 |   9 |   10 |   11 |   12 |   13 |   14 |   15 |
|      INV/DELAY640  |     |     |     |     |     |     |     |     |     |     |      |      |      |      |      |      |
|--------------------+-----+-----+-----+-----+-----+-----+-----+-----+-----+-----+------+------+------+------+------+------|
|                  0 | -88 |   2 | -88 | -88 |   2 |   2 |   2 |   2 |   2 | -99 |    1 |    1 |    1 |    1 |    1 |  -88 |
|                  1 |   2 |   2 | -88 | -88 |   2 |   2 |   2 |   2 | -88 |   1 |    1 |    1 |    1 |    1 |    1 |  -88 |
|                  2 |   3 |   3 | -88 | -88 |   3 |   3 |   3 | -88 |   2 |   2 |    2 |    2 |    2 |    2 |    2 |  -88 |
|                  3 |   3 |   3 | -88 | -88 |   3 |   3 | -88 |   2 |   2 |   2 |    2 |    2 |    2 |    2 |  -99 |  -88 |
|                  4 |   3 |   3 | -88 | -88 | -88 | -88 |   2 |   2 |   2 |   2 |    2 |    2 |    2 |  -99 |    1 |  -88 |
|                  5 |   3 |   3 | -88 | -88 | -88 |   2 |   2 |   2 |   2 |   2 |    2 |    2 |  -99 |  -88 |    1 |  -88 |
|                  6 |   3 |   3 | -88 | -88 | -88 |   2 |   2 |   2 |   2 |   2 |    2 |    2 |  -88 |  -88 |    1 |  -88 |
|                  7 |   3 |   3 | -88 | -88 | -88 |   2 |   2 |   2 |   2 |   2 |    2 |    2 |  -99 |  -88 |    1 |  -88 |
|                  8 |   3 |   3 | -88 | -88 | -88 |   2 |   2 |   2 |   2 |   2 |    2 |    2 |  -99 |  -99 |    1 |  -88 |
|                  9 |   3 |   3 | -88 | -88 |   2 |   2 |   2 |   2 |   2 |   2 |    2 |  -99 |    1 |    1 |    1 |  -88 |
|                 10 |   3 |   3 | -88 | -88 |   2 |   2 |   2 |   2 |   2 |   2 |  -88 |    1 |    1 |    1 |    1 |  -88 |
|                 11 | -88 |   2 | -88 | -88 |   2 |   2 |   2 |   2 |   2 | -99 |    1 |    1 |    1 |    1 |    1 |  -88 |
|                 12 |   2 |   2 | -88 | -88 |   2 |   2 |   2 |   2 | -88 |   1 |    1 |    1 |    1 |    1 |    1 |  -88 |
|                 13 |   2 |   2 | -88 | -88 |   2 |   2 |   2 | -99 |   1 |   1 |    1 |    1 |    1 |    1 |    1 |  -88 |
|                 14 |   2 |   2 | -88 | -88 |   2 |   2 |   2 | -99 |   1 |   1 |    1 |    1 |    1 |    1 |    1 |  -88 |
|                 15 |   2 |   2 | -88 | -88 |   2 |   2 |   2 | -99 |   1 |   1 |    1 |    1 |    1 |    1 |    1 |  -88 |
+--------------------+-----+-----+-----+-----+-----+-----+-----+-----+-----+-----+------+------+------+------+------+------+
 
Channel 7 
+--------------------+-----+-----+-----+-----+-----+-----+-----+-----+-----+-----+------+------+------+------+------+------+
|   xPhaseSelect ->  |   0 |   1 |   2 |   3 |   4 |   5 |   6 |   7 |   8 |   9 |   10 |   11 |   12 |   13 |   14 |   15 |
|      INV/DELAY640  |     |     |     |     |     |     |     |     |     |     |      |      |      |      |      |      |
|--------------------+-----+-----+-----+-----+-----+-----+-----+-----+-----+-----+------+------+------+------+------+------|
|                  0 | -88 |   2 | -88 | -88 |   2 |   2 |   2 |   2 |   1 |   1 |    1 |    1 |    1 |    1 |    1 |  -88 |
|                  1 |   2 |   2 | -88 | -88 |   2 |   2 | -88 |   1 |   1 |   1 |    1 |    1 |    1 |    1 |  -99 |  -88 |
|                  2 |   3 |   3 | -88 | -88 |   3 |   3 |   2 |   2 |   2 |   2 |    2 |    2 |    2 |  -88 |    1 |  -88 |
|                  3 |   3 |   3 | -88 | -88 |   3 | -88 |   2 |   2 |   2 |   2 |    2 |    2 |  -88 |    1 |    1 |  -88 |
|                  4 |   3 |   3 | -88 | -88 | -88 |   2 |   2 |   2 |   2 |   2 |    2 |  -88 |    1 |    1 |    1 |  -88 |
|                  5 |   3 |   3 | -88 | -88 |   2 |   2 |   2 |   2 |   2 |   2 |    2 |    1 |    1 |    1 |    1 |  -88 |
|                  6 |   3 |   3 | -88 | -88 |   2 |   2 |   2 |   2 |   2 |   2 |    2 |    1 |    1 |    1 |    1 |  -88 |
|                  7 |   3 |   3 | -88 | -88 |   2 |   2 |   2 |   2 |   2 |   2 |    2 |    1 |    1 |    1 |    1 |  -88 |
|                  8 |   3 |   3 | -88 | -88 |   2 |   2 |   2 |   2 |   2 |   2 |  -88 |    1 |    1 |    1 |    1 |  -88 |
|                  9 |   3 |   3 | -88 | -88 |   2 |   2 |   2 |   2 |   2 |   2 |    1 |    1 |    1 |    1 |    1 |  -88 |
|                 10 |   3 | -99 | -88 | -88 |   2 |   2 |   2 |   2 |   2 |   1 |    1 |    1 |    1 |    1 |    1 |  -88 |
|                 11 | -99 |   2 | -88 | -88 |   2 |   2 |   2 |   2 | -88 |   1 |    1 |    1 |    1 |    1 |    1 |  -88 |
|                 12 |   2 |   2 | -88 | -88 |   2 |   2 |   2 | -88 |   1 |   1 |    1 |    1 |    1 |    1 |  -88 |  -88 |
|                 13 |   2 |   2 | -88 | -88 |   2 |   2 | -99 |   1 |   1 |   1 |    1 |    1 |    1 |    1 |    0 |  -88 |
|                 14 |   2 |   2 | -88 | -88 |   2 |   2 | -88 |   1 |   1 |   1 |    1 |    1 |    1 |    1 |    0 |  -88 |
|                 15 |   2 |   2 | -88 | -88 |   2 |   2 | -99 |   1 |   1 |   1 |    1 |    1 |    1 |    1 |    0 |  -88 |
+--------------------+-----+-----+-----+-----+-----+-----+-----+-----+-----+-----+------+------+------+------+------+------+
 
Channel 8 
+--------------------+-----+-----+-----+-----+-----+-----+-----+-----+-----+-----+------+------+------+------+------+------+
|   xPhaseSelect ->  |   0 |   1 |   2 |   3 |   4 |   5 |   6 |   7 |   8 |   9 |   10 |   11 |   12 |   13 |   14 |   15 |
|      INV/DELAY640  |     |     |     |     |     |     |     |     |     |     |      |      |      |      |      |      |
|--------------------+-----+-----+-----+-----+-----+-----+-----+-----+-----+-----+------+------+------+------+------+------|
|                  0 |   3 |   3 | -88 | -88 |   2 |   2 |   2 |   2 |   2 |   2 |  -88 |    1 |    1 |    1 |    1 |  -88 |
|                  1 |   3 | -88 | -88 | -88 |   2 |   2 |   2 |   2 |   2 | -88 |    1 |    1 |    1 |    1 |    1 |  -88 |
|                  2 | -88 |   3 | -88 | -88 |   3 |   3 |   3 |   3 | -88 |   2 |    2 |    2 |    2 |    2 |    2 |  -88 |
|                  3 |   3 |   3 | -88 | -88 |   3 |   3 |   3 | -88 |   2 |   2 |    2 |    2 |    2 |    2 |    2 |  -88 |
|                  4 |   3 |   3 | -88 | -88 |   3 |   3 | -88 |   2 |   2 |   2 |    2 |    2 |    2 |    2 |  -88 |  -88 |
|                  5 |   3 |   3 | -88 | -88 |   3 | -88 |   2 |   2 |   2 |   2 |    2 |    2 |    2 |  -88 |    1 |  -88 |
|                  6 |   3 |   3 | -88 | -88 |   3 | -99 |   2 |   2 |   2 |   2 |    2 |    2 |    2 |  -99 |    1 |  -88 |
|                  7 |   3 |   3 | -88 | -88 |   3 | -99 |   2 |   2 |   2 |   2 |    2 |    2 |    2 |  -88 |    1 |  -88 |
|                  8 |   3 |   3 | -88 | -88 |   3 | -88 |   2 |   2 |   2 |   2 |    2 |    2 |    2 |  -88 |    1 |  -88 |
|                  9 |   3 |   3 | -88 | -88 | -88 |   2 |   2 |   2 |   2 |   2 |    2 |    2 |  -88 |    1 |    1 |  -88 |
|                 10 |   3 |   3 | -88 | -88 |   2 |   2 |   2 |   2 |   2 |   2 |    2 |  -99 |    1 |    1 |    1 |  -88 |
|                 11 |   3 |   3 | -88 | -88 |   2 |   2 |   2 |   2 |   2 |   2 |  -88 |    1 |    1 |    1 |    1 |  -88 |
|                 12 |   3 | -99 | -88 | -88 |   2 |   2 |   2 |   2 |   2 | -88 |    1 |    1 |    1 |    1 |    1 |  -88 |
|                 13 |   3 | -88 | -88 | -88 |   2 |   2 |   2 |   2 | -99 |   1 |    1 |    1 |    1 |    1 |    1 |  -88 |
|                 14 |   3 | -88 | -88 | -88 |   2 |   2 |   2 |   2 |   2 |   1 |    1 |    1 |    1 |    1 |    1 |  -88 |
|                 15 |   3 | -88 | -88 | -88 |   2 |   2 |   2 |   2 | -99 |   1 |    1 |    1 |    1 |    1 |    1 |  -88 |
+--------------------+-----+-----+-----+-----+-----+-----+-----+-----+-----+-----+------+------+------+------+------+------+